1.000000000000000021e-02 1.092751434684485125e-131
3.000000000000000236e-02 2.096371163533678665e-130
5.000000000000000278e-02 9.965195625458439822e-129
7.000000000000000666e-02 6.343651446427964092e-127
9.000000000000001055e-02 4.582908834404454051e-125
1.100000000000000006e-01 3.515508103098090629e-123
1.300000000000000044e-01 2.769572007026731068e-121
1.500000000000000222e-01 2.198593941859627833e-119
1.700000000000000122e-01 1.737864179825600439e-117
1.900000000000000022e-01 1.356996152830800940e-115
2.099999999999999922e-01 1.040928232532373617e-113
2.300000000000000100e-01 7.812458246026631311e-112
2.500000000000000555e-01 5.719570238664255261e-110
2.700000000000000178e-01 4.075074575917319342e-108
2.900000000000000355e-01 2.820387836248228809e-106
3.099999999999999978e-01 1.893419864948127050e-104
3.300000000000000155e-01 1.231495638895875053e-102
3.500000000000000333e-01 7.752485262893311680e-101
3.699999999999999956e-01 4.719721565393033571e-99
3.900000000000000133e-01 2.776901211732730900e-97
4.100000000000000311e-01 1.578044299221670917e-95
4.299999999999999933e-01 8.657151850652553226e-94
4.500000000000000111e-01 4.582896294846413718e-92
4.700000000000000289e-01 2.340188113850355395e-90
4.900000000000000466e-01 1.152296628421446444e-88
5.100000000000000089e-01 5.469590434682051724e-87
5.300000000000000266e-01 2.502136874580173069e-85
5.500000000000000444e-01 1.102895048469197821e-83
5.700000000000000622e-01 4.683126864362687952e-82
5.900000000000000799e-01 1.915301592942604847e-80
6.100000000000000977e-01 7.543393506186974428e-79
6.300000000000000044e-01 2.860621873373379583e-77
6.500000000000000222e-01 1.044383615681586623e-75
6.700000000000000400e-01 3.670393928960658621e-74
6.900000000000000577e-01 1.241567026278597542e-72
7.100000000000000755e-01 4.041927563295191130e-71
7.299999999999999822e-01 1.266273318059331338e-69
7.500000000000000000e-01 3.817244541672662629e-68
7.700000000000000178e-01 1.107189863263134274e-66
7.900000000000000355e-01 3.089672708124904742e-65
8.100000000000000533e-01 8.294537733779748597e-64
8.300000000000000711e-01 2.142074116960088873e-62
8.499999999999999778e-01 5.321261972394915803e-61
8.699999999999999956e-01 1.271480428933318079e-59
8.900000000000000133e-01 2.922121822630584392e-58
9.100000000000000311e-01 6.458932959658499225e-57
9.300000000000000488e-01 1.373025735241942935e-55
9.499999999999999556e-01 2.806951646473013640e-54
9.700000000000000844e-01 5.518405996962590670e-53
9.900000000000001021e-01 1.043278020697549951e-51
1.010000000000000009e+00 1.896620463863120055e-50
1.030000000000000027e+00 3.315446541094415920e-49
1.050000000000000044e+00 5.572794647918942644e-48
1.070000000000000062e+00 9.006634503755658562e-47
1.090000000000000080e+00 1.399588778648228093e-45
1.110000000000000098e+00 2.091113097867704253e-44
1.129999999999999893e+00 3.003898754285106809e-43
1.149999999999999911e+00 4.148738658456940011e-42
1.169999999999999929e+00 5.508875748038764026e-41
1.189999999999999947e+00 7.032663702497958725e-40
1.209999999999999964e+00 8.631401860412985800e-39
1.229999999999999982e+00 1.018457396646643505e-37
1.250000000000000000e+00 1.155315716613546723e-36
1.270000000000000018e+00 1.259945813096312807e-35
1.290000000000000258e+00 1.320974389386586542e-34
1.310000000000000275e+00 1.331457114622061628e-33
1.330000000000000293e+00 1.290179501325276338e-32
1.350000000000000089e+00 1.201888723036368706e-31
1.370000000000000107e+00 1.076395139214788070e-30
1.390000000000000124e+00 9.267786236846444121e-30
1.410000000000000142e+00 7.671530114902244111e-29
1.430000000000000160e+00 6.105147510513598553e-28
1.450000000000000178e+00 4.671181614215590166e-27
1.470000000000000195e+00 3.436243981634498626e-26
1.490000000000000213e+00 2.430414443456418101e-25
1.510000000000000231e+00 1.652839836885135477e-24
1.530000000000000249e+00 1.080819428386732113e-23
1.550000000000000266e+00 6.796237644031984152e-23
1.570000000000000062e+00 4.109621559562439141e-22
1.590000000000000080e+00 2.389912620703763954e-21
1.610000000000000098e+00 1.336727948933418465e-20
1.630000000000000115e+00 7.191579401836772762e-20
1.650000000000000133e+00 3.721958546453871443e-19
1.670000000000000151e+00 1.853266015996516841e-18
1.690000000000000169e+00 8.879411487000281487e-18
1.710000000000000187e+00 4.094316129628691622e-17
1.730000000000000204e+00 1.817232649379061464e-16
1.750000000000000222e+00 7.765418116528260643e-16
1.770000000000000240e+00 3.195589239744605951e-15
1.790000000000000036e+00 1.266748696684657825e-14
1.810000000000000053e+00 4.838620267072837730e-14
1.830000000000000071e+00 1.781559533251645125e-13
1.850000000000000089e+00 6.325609542779041102e-13
1.870000000000000107e+00 2.166823636732716402e-12
1.890000000000000124e+00 7.164415021802065061e-12
1.910000000000000142e+00 2.287765870368195391e-11
1.930000000000000160e+00 7.059494345490624819e-11
1.950000000000000178e+00 2.106405536058447213e-10
1.970000000000000195e+00 6.081436685295222063e-10
1.990000000000000213e+00 1.700062875133935334e-09
2.010000000000000231e+00 4.604899871791840019e-09
2.030000000000000249e+00 1.209397695020379321e-08
2.050000000000000266e+00 3.081742043276515903e-08
2.070000000000000284e+00 7.623680162283035626e-08
2.090000000000000302e+00 1.831925897518318266e-07
2.110000000000000320e+00 4.277830738789095101e-07
2.130000000000000338e+00 9.711112443058966626e-07
2.149999999999999911e+00 2.143676748331016503e-06
2.170000000000000373e+00 4.602239068593693449e-06
2.189999999999999947e+00 9.610299081077670880e-06
2.210000000000000409e+00 1.951960653009121108e-05
2.229999999999999982e+00 3.856193076868459814e-05
2.250000000000000444e+00 7.409258710499330540e-05
2.270000000000000018e+00 1.384491572418665428e-04
2.290000000000000480e+00 2.515831344321860794e-04
2.310000000000000053e+00 4.445659787170771734e-04
2.330000000000000515e+00 7.639403874460938245e-04
2.350000000000000089e+00 1.276666211912142650e-03
2.370000000000000107e+00 2.075101619968130421e-03
2.390000000000000124e+00 3.281098442224253398e-03
2.410000000000000142e+00 5.047948856655554671e-03
2.430000000000000160e+00 7.558705145513406644e-03
2.450000000000000178e+00 1.101942626948806611e-02
2.470000000000000195e+00 1.564628690130677457e-02
2.490000000000000213e+00 2.164626005000069159e-02
2.510000000000000231e+00 2.919220379742131291e-02
2.530000000000000249e+00 3.839448779109008031e-02
2.550000000000000266e+00 4.927253425614375876e-02
2.570000000000000284e+00 6.173052294893460745e-02
2.589999999999999858e+00 7.554174460307799821e-02
2.610000000000000320e+00 9.034550712846182996e-02
2.629999999999999893e+00 1.056590866278847157e-01
2.650000000000000355e+00 1.209051402627554783e-01
2.669999999999999929e+00 1.354525967467602732e-01
2.690000000000000391e+00 1.486667558689535318e-01
2.709999999999999964e+00 1.599626183557274206e-01
2.730000000000000426e+00 1.688547002371846295e-01
2.750000000000000000e+00 1.749969518923407408e-01
2.770000000000000462e+00 1.782078598202500586e-01
2.790000000000000036e+00 1.784780864120659449e-01
2.810000000000000053e+00 1.759606536956581924e-01
2.830000000000000071e+00 1.709461854912391332e-01
2.850000000000000089e+00 1.638276255035507889e-01
2.870000000000000107e+00 1.550598422969615975e-01
2.890000000000000124e+00 1.451195298168316827e-01
2.910000000000000142e+00 1.344699435719759195e-01
2.930000000000000160e+00 1.235335640634717264e-01
2.950000000000000178e+00 1.126741037252137478e-01
2.970000000000000195e+00 1.021877021493114573e-01
2.990000000000000213e+00 9.230193142619376456e-02
3.010000000000000231e+00 8.318049129415742982e-02
3.029999999999999805e+00 7.493123717424296504e-02
3.050000000000000266e+00 6.761539228044763372e-02
3.069999999999999840e+00 6.125632722465861740e-02
3.090000000000000302e+00 5.584698987507932810e-02
3.109999999999999876e+00 5.135576485158062365e-02
3.130000000000000338e+00 4.773108177233061078e-02
3.149999999999999911e+00 4.490536880114009977e-02
3.170000000000000373e+00 4.279893539511453460e-02
3.189999999999999947e+00 4.132412533359515472e-02
3.210000000000000409e+00 4.038973607759644563e-02
3.230000000000000426e+00 3.990540151813247449e-02
3.250000000000000000e+00 3.978549246064120443e-02
3.270000000000000462e+00 3.995213285200387848e-02
3.290000000000000036e+00 4.033710573977096481e-02
3.310000000000000497e+00 4.088263053540780456e-02
3.330000000000000071e+00 4.154114392891354590e-02
3.350000000000000533e+00 4.227428153517494985e-02
3.370000000000000107e+00 4.305127275990625058e-02
3.390000000000000568e+00 4.384699281176823726e-02
3.410000000000000142e+00 4.464000007430282690e-02
3.430000000000000604e+00 4.541099394737128925e-02
3.450000000000000178e+00 4.614216882873504316e-02
3.470000000000000195e+00 4.681782017810855179e-02
3.490000000000000213e+00 4.742624680356379713e-02
3.510000000000000231e+00 4.796255806647534148e-02
3.530000000000000249e+00 4.843158701024023044e-02
3.550000000000000266e+00 4.884989927968350076e-02
3.570000000000000284e+00 4.924598091801726113e-02
3.590000000000000302e+00 4.965808277760784539e-02
3.610000000000000320e+00 5.012978360069915429e-02
3.630000000000000338e+00 5.070393438878571107e-02
3.650000000000000355e+00 5.141609313866451342e-02
3.670000000000000373e+00 5.228873656602318898e-02
3.689999999999999947e+00 5.332740881874747235e-02
3.710000000000000409e+00 5.451957754394565203e-02
3.729999999999999982e+00 5.583641288102692696e-02
3.750000000000000444e+00 5.723711342505442140e-02
3.770000000000000018e+00 5.867490589319065281e-02
3.790000000000000480e+00 6.010354778052984237e-02
3.810000000000000053e+00 6.148312144817084240e-02
3.830000000000000515e+00 6.278411926712182400e-02
3.850000000000000089e+00 6.398922117924503439e-02
3.870000000000000551e+00 6.509266039000066728e-02
3.890000000000000124e+00 6.609755354346123768e-02
3.910000000000000142e+00 6.701194846597838262e-02
3.930000000000000160e+00 6.784455494620901528e-02
3.950000000000000178e+00 6.860114390129265494e-02
3.970000000000000195e+00 6.928242898977128583e-02
3.990000000000000213e+00 6.988391066752829006e-02
4.009999999999999787e+00 7.039772092089617572e-02
4.030000000000000249e+00 7.081603747779066649e-02
4.049999999999999822e+00 7.113523591713943883e-02
4.070000000000000284e+00 7.135971274293599620e-02
4.089999999999999858e+00 7.150431320461096696e-02
4.110000000000000320e+00 7.159455681848045372e-02
4.129999999999999893e+00 7.166433067262485690e-02
4.150000000000000355e+00 7.175131458844263843e-02
4.169999999999999929e+00 7.189097223104524981e-02
4.190000000000000391e+00 7.211034281900291498e-02
4.209999999999999964e+00 7.242298880022417229e-02
4.230000000000000426e+00 7.282625297559867927e-02
4.250000000000000000e+00 7.330149382801895430e-02
4.270000000000000462e+00 7.381731448663282624e-02
4.290000000000000924e+00 7.433513814119932506e-02
4.309999999999999609e+00 7.481597270116702170e-02
4.330000000000000071e+00 7.522697127653030225e-02
4.350000000000000533e+00 7.554648192116548977e-02
4.370000000000000107e+00 7.576665705410721985e-02
4.389999999999999680e+00 7.589325764240917316e-02
4.410000000000000142e+00 7.594289846646277986e-02
4.430000000000000604e+00 7.593849700617513743e-02
4.450000000000000178e+00 7.590400177121617298e-02
4.469999999999999751e+00 7.585953347111663858e-02
4.490000000000000213e+00 7.581788221790253246e-02
4.510000000000000675e+00 7.578292622057114514e-02
4.530000000000000249e+00 7.575006703877881775e-02
4.550000000000000711e+00 7.570832095849533427e-02
4.570000000000000284e+00 7.564336335403196165e-02
4.589999999999999858e+00 7.554066160691577658e-02
4.610000000000000320e+00 7.538787729956493433e-02
4.630000000000000782e+00 7.517594587840481513e-02
4.650000000000000355e+00 7.489858447152671073e-02
4.669999999999999929e+00 7.455034382019991301e-02
4.690000000000000391e+00 7.412361863807721829e-02
4.710000000000000853e+00 7.360520360655049832e-02
4.730000000000000426e+00 7.297302108421488409e-02
4.750000000000000000e+00 7.219359206053026223e-02
4.770000000000000462e+00 7.122074022551816430e-02
4.790000000000000924e+00 6.999596356472470582e-02
4.809999999999999609e+00 6.845088216209117837e-02
4.830000000000000071e+00 6.651211435786538728e-02
4.850000000000000533e+00 6.410874341040825874e-02
4.870000000000000995e+00 6.118212482629290655e-02
4.889999999999999680e+00 5.769714538188916442e-02
4.910000000000000142e+00 5.365330427191308815e-02
4.930000000000000604e+00 4.909339384766695652e-02
4.950000000000001066e+00 4.410740827736935044e-02
4.969999999999999751e+00 3.882982112014714271e-02
4.990000000000000213e+00 3.342956330483767141e-02
